BLK                   38;5;0
CAPABILITY            38;5;4
CHR                   38;5;10;1
DIR                   38;5;6
DOOR                  38;5;5
EXEC                  38;5;11;1
FIFO                  38;5;5
FILE                  0
LINK                  target
MULTIHARDLINK         38;5;11;1
NORMAL                0
ORPHAN                48;5;9;38;5;0;1
OTHER_WRITABLE        38;5;11;1
SETGID                48;5;3;38;5;0
SETUID                38;5;11;1;3;2;1
SOCK                  38;5;13
STICKY                38;5;14;48;5;0
STICKY_OTHER_WRITABLE 48;5;0;38;5;7;3
*README               38;5;11;1
*README.rst           38;5;11;1
*LICENSE              38;5;11;1
*COPYING              38;5;11;1
*INSTALL              38;5;11;1
*COPYRIGHT            38;5;11;1
*AUTHORS              38;5;11;1
*HISTORY              38;5;11;1
*CONTRIBUTORS         38;5;11;1
*PATENTS              38;5;11;1
*VERSION              38;5;11;1
*NOTICE               38;5;11;1
*CHANGES              38;5;11;1
.log                  38;5;10
.txt                  38;5;15
.etx                  38;5;3
.info                 38;5;3
.markdown             38;5;3
.md                   38;5;3
.mkd                  38;5;3
.nfo                  38;5;3
.pod                  38;5;3
.tex                  38;5;3
.textile              38;5;3
.json                 38;5;3
.msg                  38;5;3
.pgn                  38;5;3
.rss                  38;5;3
.xml                  38;5;3
.yml                  38;5;3
.RData                38;5;3
.rdata                38;5;3
.cbr                  38;5;13
.cbz                  38;5;13
.chm                  38;5;13
.djvu                 38;5;13
.pdf                  38;5;13
.PDF                  38;5;13
.docm                 38;5;12;4
.doc                  38;5;12
.docx                 38;5;12
.eps                  38;5;12
.ps                   38;5;12
.odb                  38;5;12
.odt                  38;5;12
.rtf                  38;5;12
.odp                  38;5;3
.pps                  38;5;3
.ppt                  38;5;3
.pptx                 38;5;3
.ppts                 38;5;3
.pptxm                38;5;3;4
.pptsm                38;5;3;4
.csv                  38;5;10
.ods                  38;5;10
.xla                  38;5;10
.xls                  38;5;10
.xlsx                 38;5;10
.xlsxm                38;5;10;4
.xltm                 38;5;2;4
.xltx                 38;5;2
*cfg                  1
*conf                 1
*rc                   1
.ini                  1
.viminfo              1
.pcf                  1
.psf                  1
.git                  38;5;13
.gitignore            38;5;7
.gitattributes        38;5;7
.gitmodules           38;5;7
.awk                  38;5;3
.bash                 38;5;3
.bat                  38;5;3
.BAT                  38;5;3
.sed                  38;5;3
.sh                   38;5;3
.zsh                  38;5;3
.vim                  38;5;3
.ahk                  38;5;2
.py                   38;5;2
.pl                   38;5;11
.PL                   38;5;1
.t                    38;5;10
.msql                 38;5;11
.mysql                38;5;11
.pgsql                38;5;11
.sql                  38;5;11
.tcl                  38;5;2;1
.r                    38;5;14
.R                    38;5;14
.gs                   38;5;14
.asm                  38;5;14
.cl                   38;5;14
.lisp                 38;5;14
.lua                  38;5;14
.moon                 38;5;14
.c                    38;5;14
.C                    38;5;14
.h                    38;5;4
.H                    38;5;4
.tcc                  38;5;4
.c++                  38;5;14
.h++                  38;5;4
.hpp                  38;5;4
.hxx                  38;5;4
.ii                   38;5;4
.M                    38;5;4
.m                    38;5;4
.cc                   38;5;14
.cs                   38;5;14
.cp                   38;5;14
.cpp                  38;5;14
.cxx                  38;5;14
.cr                   38;5;14
.go                   38;5;14
.f                    38;5;14
.for                  38;5;14
.ftn                  38;5;14
.s                    38;5;4
.S                    38;5;4
.rs                   38;5;14
.sx                   38;5;14
.hi                   38;5;4
.hs                   38;5;14
.lhs                  38;5;14
.pyc                  38;5;7
.css                  38;5;1;1
.less                 38;5;1;1
.sass                 38;5;1;1
.scss                 38;5;1;1
.styl                 38;5;1;1
.htm                  38;5;1;1
.html                 38;5;1;1
.jhtm                 38;5;1;1
.mht                  38;5;1;1
.eml                  38;5;1;1
.mustache             38;5;1;1
.coffee               38;5;4;1
.java                 38;5;4;1
.js                   38;5;4;1
.jsx                  38;5;4;1
.jsm                  38;5;4;1
.jsm                  38;5;4;1
.jsp                  38;5;4;1
.php                  38;5;14
.ctp                  38;5;14
.twig                 38;5;14
.vb                   38;5;14
.vba                  38;5;14
.vbs                  38;5;14
*Dockerfile           38;5;10
.dockerignore         38;5;7
*Makefile             38;5;10
*MANIFEST             38;5;7
*pm_to_blib           38;5;7
.am                   38;5;7
.in                   38;5;7
.hin                  38;5;7
.scan                 38;5;7
.m4                   38;5;7
.old                  38;5;7
.out                  38;5;7
.SKIP                 38;5;7
.diff                 48;5;13;38;5;0
.patch                48;5;13;38;5;0;1
.bmp                  38;5;5
.tiff                 38;5;5
.tif                  38;5;5
.TIFF                 38;5;5
.cdr                  38;5;5
.gif                  38;5;5
.ico                  38;5;5
.jpeg                 38;5;5
.JPG                  38;5;5
.jpg                  38;5;5
.jpeg                 38;5;5
.webp                 38;5;5
.nth                  38;5;5
.png                  38;5;5
.psd                  38;5;5
.xpm                  38;5;5
.ai                   38;5;5
.eps                  38;5;5
.epsf                 38;5;5
.drw                  38;5;5
.ps                   38;5;5
.svg                  38;5;5
.avi                  38;5;10
.divx                 38;5;10
.IFO                  38;5;10
.m2v                  38;5;10
.m4v                  38;5;10
.mkv                  38;5;10
.MOV                  38;5;10
.mov                  38;5;10
.mp4                  38;5;10
.mpeg                 38;5;10
.mpg                  38;5;10
.ogm                  38;5;10
.rmvb                 38;5;10
.sample               38;5;10
.wmv                  38;5;10
.3g2                  38;5;10
.3gp                  38;5;10
.gp3                  38;5;10
.webm                 38;5;10
.gp4                  38;5;10
.asf                  38;5;10
.flv                  38;5;10
.ts                   38;5;10
.ogv                  38;5;10
.f4v                  38;5;10
.VOB                  38;5;10;1
.vob                  38;5;10;1
.3ga                  38;5;3;1
.S3M                  38;5;3;1
.aac                  38;5;3;1
.au                   38;5;3;1
.dat                  38;5;3;1
.dts                  38;5;3;1
.fcm                  38;5;3;1
.m4a                  38;5;3;1
.mid                  38;5;3;1
.midi                 38;5;3;1
.mod                  38;5;3;1
.mp3                  38;5;3;1
.mp4a                 38;5;3;1
.oga                  38;5;3;1
.ogg                  38;5;3;1
.opus                 38;5;3;1
.s3m                  38;5;3;1
.sid                  38;5;3;1
.wma                  38;5;3;1
.ape                  38;5;3;1
.aiff                 38;5;3;1
.cda                  38;5;3;1
.flac                 38;5;3;1
.alac                 38;5;3;1
.midi                 38;5;3;1
.pcm                  38;5;3;1
.wav                  38;5;3;1
.wv                   38;5;3;1
.wvc                  38;5;3;1
.afm                  38;5;6
.fon                  38;5;6
.fnt                  38;5;6
.pfb                  38;5;6
.pfm                  38;5;6
.ttf                  38;5;6
.otf                  38;5;6
.PFA                  38;5;6
.pfa                  38;5;6
.7z                   38;5;2
.a                    38;5;2
.arj                  38;5;2
.bz2                  38;5;2
.cpio                 38;5;2
.gz                   38;5;2
.lrz                  38;5;2
.lz                   38;5;2
.lzma                 38;5;2
.lzo                  38;5;2
.rar                  38;5;2
.s7z                  38;5;2
.sz                   38;5;2
.tar                  38;5;2
.tgz                  38;5;2
.xz                   38;5;2
.z                    38;5;2
.Z                    38;5;2
.zip                  38;5;2
.zipx                 38;5;2
.zoo                  38;5;2
.zpaq                 38;5;2
.zz                   38;5;2
.apk                  38;5;9
.deb                  38;5;9
.rpm                  38;5;9
.jad                  38;5;9
.jar                  38;5;9
.cab                  38;5;9
.pak                  38;5;9
.pk3                  38;5;9
.vdf                  38;5;9
.vpk                  38;5;9
.bsp                  38;5;9
.dmg                  38;5;9
.r00                  38;5;0
.r01                  38;5;0
.r02                  38;5;0
.r03                  38;5;0
.r04                  38;5;0
.r05                  38;5;0
.r06                  38;5;0
.r07                  38;5;0
.r08                  38;5;0
.r09                  38;5;0
.r10                  38;5;0
.r100                 38;5;0
.r101                 38;5;0
.r102                 38;5;0
.r103                 38;5;0
.r104                 38;5;0
.r105                 38;5;0
.r106                 38;5;0
.r107                 38;5;0
.r108                 38;5;0
.r109                 38;5;0
.r11                  38;5;0
.r110                 38;5;0
.r111                 38;5;0
.r112                 38;5;0
.r113                 38;5;0
.r114                 38;5;0
.r115                 38;5;0
.r116                 38;5;0
.r12                  38;5;0
.r13                  38;5;0
.r14                  38;5;0
.r15                  38;5;0
.r16                  38;5;0
.r17                  38;5;0
.r18                  38;5;0
.r19                  38;5;0
.r20                  38;5;0
.r21                  38;5;0
.r22                  38;5;0
.r25                  38;5;0
.r26                  38;5;0
.r27                  38;5;0
.r28                  38;5;0
.r29                  38;5;0
.r30                  38;5;0
.r31                  38;5;0
.r32                  38;5;0
.r33                  38;5;0
.r34                  38;5;0
.r35                  38;5;0
.r36                  38;5;0
.r37                  38;5;0
.r38                  38;5;0
.r39                  38;5;0
.r40                  38;5;0
.r41                  38;5;0
.r42                  38;5;0
.r43                  38;5;0
.r44                  38;5;0
.r45                  38;5;0
.r46                  38;5;0
.r47                  38;5;0
.r48                  38;5;0
.r49                  38;5;0
.r50                  38;5;0
.r51                  38;5;0
.r52                  38;5;0
.r53                  38;5;0
.r54                  38;5;0
.r55                  38;5;0
.r56                  38;5;0
.r57                  38;5;0
.r58                  38;5;0
.r59                  38;5;0
.r60                  38;5;0
.r61                  38;5;0
.r62                  38;5;0
.r63                  38;5;0
.r64                  38;5;0
.r65                  38;5;0
.r66                  38;5;0
.r67                  38;5;0
.r68                  38;5;0
.r69                  38;5;0
.r69                  38;5;0
.r70                  38;5;0
.r71                  38;5;0
.r72                  38;5;0
.r73                  38;5;0
.r74                  38;5;0
.r75                  38;5;0
.r76                  38;5;0
.r77                  38;5;0
.r78                  38;5;0
.r79                  38;5;0
.r80                  38;5;0
.r81                  38;5;0
.r82                  38;5;0
.r83                  38;5;0
.r84                  38;5;0
.r85                  38;5;0
.r86                  38;5;0
.r87                  38;5;0
.r88                  38;5;0
.r89                  38;5;0
.r90                  38;5;0
.r91                  38;5;0
.r92                  38;5;0
.r93                  38;5;0
.r94                  38;5;0
.r95                  38;5;0
.r96                  38;5;0
.r97                  38;5;0
.r98                  38;5;0
.r99                  38;5;0
.zx00                  38;5;0
.zx01                  38;5;0
.zx02                  38;5;0
.zx03                  38;5;0
.zx04                  38;5;0
.zx05                  38;5;0
.zx06                  38;5;0
.zx07                  38;5;0
.zx08                  38;5;0
.zx09                  38;5;0
.zx10                  38;5;0
.zx11                  38;5;0
.zx12                  38;5;0
.zx13                  38;5;0
.zx14                  38;5;0
.zx15                  38;5;0
.zx16                  38;5;0
.zx17                  38;5;0
.zx18                  38;5;0
.zx19                  38;5;0
.zx20                  38;5;0
.zx21                  38;5;0
.zx22                  38;5;0
.zx25                  38;5;0
.zx26                  38;5;0
.zx27                  38;5;0
.zx28                  38;5;0
.zx29                  38;5;0
.zx30                  38;5;0
.zx31                  38;5;0
.zx32                  38;5;0
.zx33                  38;5;0
.zx34                  38;5;0
.zx35                  38;5;0
.zx36                  38;5;0
.zx37                  38;5;0
.zx38                  38;5;0
.zx39                  38;5;0
.zx40                  38;5;0
.zx41                  38;5;0
.zx42                  38;5;0
.zx43                  38;5;0
.zx44                  38;5;0
.zx45                  38;5;0
.zx46                  38;5;0
.zx47                  38;5;0
.zx48                  38;5;0
.zx49                  38;5;0
.zx50                  38;5;0
.zx51                  38;5;0
.zx52                  38;5;0
.zx53                  38;5;0
.zx54                  38;5;0
.zx55                  38;5;0
.zx56                  38;5;0
.zx57                  38;5;0
.zx58                  38;5;0
.zx59                  38;5;0
.zx60                  38;5;0
.zx61                  38;5;0
.zx62                  38;5;0
.zx63                  38;5;0
.zx64                  38;5;0
.zx65                  38;5;0
.zx66                  38;5;0
.zx67                  38;5;0
.zx68                  38;5;0
.zx69                  38;5;0
.zx69                  38;5;0
.zx70                  38;5;0
.zx71                  38;5;0
.zx72                  38;5;0
.zx73                  38;5;0
.zx74                  38;5;0
.zx75                  38;5;0
.zx76                  38;5;0
.zx77                  38;5;0
.zx78                  38;5;0
.zx79                  38;5;0
.zx80                  38;5;0
.zx81                  38;5;0
.zx82                  38;5;0
.zx83                  38;5;0
.zx84                  38;5;0
.zx85                  38;5;0
.zx86                  38;5;0
.zx87                  38;5;0
.zx88                  38;5;0
.zx89                  38;5;0
.zx90                  38;5;0
.zx91                  38;5;0
.zx92                  38;5;0
.zx93                  38;5;0
.zx94                  38;5;0
.zx95                  38;5;0
.zx96                  38;5;0
.zx97                  38;5;0
.zx98                  38;5;0
.zx99                  38;5;0
.zx100                 38;5;0
.zx101                 38;5;0
.zx102                 38;5;0
.zx103                 38;5;0
.zx104                 38;5;0
.zx105                 38;5;0
.zx106                 38;5;0
.zx107                 38;5;0
.zx108                 38;5;0
.zx109                 38;5;0
.zx110                 38;5;0
.zx111                 38;5;0
.zx112                 38;5;0
.zx113                 38;5;0
.zx114                 38;5;0
.zx115                 38;5;0
.zx116                 38;5;0
.z00                  38;5;0
.z01                  38;5;0
.z02                  38;5;0
.z03                  38;5;0
.z04                  38;5;0
.z05                  38;5;0
.z06                  38;5;0
.z07                  38;5;0
.z08                  38;5;0
.z09                  38;5;0
.z10                  38;5;0
.z11                  38;5;0
.z12                  38;5;0
.z13                  38;5;0
.z14                  38;5;0
.z15                  38;5;0
.z16                  38;5;0
.z17                  38;5;0
.z18                  38;5;0
.z19                  38;5;0
.z20                  38;5;0
.z21                  38;5;0
.z22                  38;5;0
.z25                  38;5;0
.z26                  38;5;0
.z27                  38;5;0
.z28                  38;5;0
.z29                  38;5;0
.z30                  38;5;0
.z31                  38;5;0
.z32                  38;5;0
.z33                  38;5;0
.z34                  38;5;0
.z35                  38;5;0
.z36                  38;5;0
.z37                  38;5;0
.z38                  38;5;0
.z39                  38;5;0
.z40                  38;5;0
.z41                  38;5;0
.z42                  38;5;0
.z43                  38;5;0
.z44                  38;5;0
.z45                  38;5;0
.z46                  38;5;0
.z47                  38;5;0
.z48                  38;5;0
.z49                  38;5;0
.z50                  38;5;0
.z51                  38;5;0
.z52                  38;5;0
.z53                  38;5;0
.z54                  38;5;0
.z55                  38;5;0
.z56                  38;5;0
.z57                  38;5;0
.z58                  38;5;0
.z59                  38;5;0
.z60                  38;5;0
.z61                  38;5;0
.z62                  38;5;0
.z63                  38;5;0
.z64                  38;5;0
.z65                  38;5;0
.z66                  38;5;0
.z67                  38;5;0
.z68                  38;5;0
.z69                  38;5;0
.z69                  38;5;0
.z70                  38;5;0
.z71                  38;5;0
.z72                  38;5;0
.z73                  38;5;0
.z74                  38;5;0
.z75                  38;5;0
.z76                  38;5;0
.z77                  38;5;0
.z78                  38;5;0
.z79                  38;5;0
.z80                  38;5;0
.z81                  38;5;0
.z82                  38;5;0
.z83                  38;5;0
.z84                  38;5;0
.z85                  38;5;0
.z86                  38;5;0
.z87                  38;5;0
.z88                  38;5;0
.z89                  38;5;0
.z90                  38;5;0
.z91                  38;5;0
.z92                  38;5;0
.z93                  38;5;0
.z94                  38;5;0
.z95                  38;5;0
.z96                  38;5;0
.z97                  38;5;0
.z98                  38;5;0
.z99                  38;5;0
.z100                 38;5;0
.z101                 38;5;0
.z102                 38;5;0
.z103                 38;5;0
.z104                 38;5;0
.z105                 38;5;0
.z106                 38;5;0
.z107                 38;5;0
.z108                 38;5;0
.z109                 38;5;0
.z110                 38;5;0
.z111                 38;5;0
.z112                 38;5;0
.z113                 38;5;0
.z114                 38;5;0
.z115                 38;5;0
.z116                 38;5;0
.part                 38;5;0
.dmg                  38;5;1
.iso                  38;5;1
.bin                  38;5;1
.nrg                  38;5;1
.qcow                 38;5;1
.sparseimage          38;5;1
.toast                38;5;1
.vcd                  38;5;1
.vmdk                 38;5;1
.accdb                38;5;6
.accde                38;5;6
.accdr                38;5;6
.accdt                38;5;6
.db                   38;5;6
.fmp12                38;5;6
.fp7                  38;5;6
.localstorage         38;5;6
.mdb                  38;5;6
.mde                  38;5;6
.sqlite               38;5;6
.typelib              38;5;6
.nc                   38;5;6
.pacnew               38;5;14
.un~                  38;5;7
.orig                 38;5;7
.BUP                  38;5;7
.bak                  38;5;7
.o                    38;5;7
.rlib                 38;5;7
.swp                  38;5;8
.swo                  38;5;8
.tmp                  38;5;8
.sassc                38;5;8
.pid                  38;5;8
.state                38;5;8
*lockfile             38;5;8
.err                  38;5;1;1
.error                38;5;1;1
.stderr               38;5;1;1
.dump                 38;5;7
.stackdump            38;5;7
.zcompdump            38;5;7
.zwc                  38;5;7
.pcap                 38;5;6
.cap                  38;5;6
.dmp                  38;5;6
.DS_Store             38;5;0
.localized            38;5;0
.CFUserTextEncoding   38;5;0
.allow                38;5;10
.deny                 38;5;9
.service              38;5;14
*@.service            38;5;14
.socket               38;5;14
.swap                 38;5;14
.device               38;5;14
.mount                38;5;14
.automount            38;5;14
.target               38;5;14
.path                 38;5;14
.timer                38;5;14
.snapshot             38;5;14
.application          38;5;6
.cue                  38;5;6
.description          38;5;6
.directory            38;5;6
.m3u                  38;5;6
.m3u8                 38;5;6
.md5                  38;5;6
.properties           38;5;6
.sfv                  38;5;6
.srt                  38;5;6
.theme                38;5;6
.torrent              38;5;6
.urlview              38;5;6
.asc                  38;5;10;3
.bfe                  38;5;10;3
.enc                  38;5;10;3
.gpg                  38;5;10;3
.signature            38;5;10;3
.sig                  38;5;10;3
.p12                  38;5;10;3
.pem                  38;5;10;3
.pgp                  38;5;10;3
.asc                  38;5;10;3
.enc                  38;5;10;3
.sig                  38;5;10;3
.32x                  38;5;13
.cdi                  38;5;13
.fm2                  38;5;13
.rom                  38;5;13
.sav                  38;5;13
.st                   38;5;13
.a00                  38;5;13
.a52                  38;5;13
.A64                  38;5;13
.a64                  38;5;13
.a78                  38;5;13
.adf                  38;5;13
.atr                  38;5;13
.gb                   38;5;13
.gba                  38;5;13
.gbc                  38;5;13
.gel                  38;5;13
.gg                   38;5;13
.ggl                  38;5;13
.ipk                  38;5;13
.j64                  38;5;13
.nds                  38;5;13
.nes                  38;5;13
.sms                  38;5;13
.pot                  38;5;7
.pcb                  38;5;7
.mm                   38;5;7
.pod                  38;5;7
.gbr                  38;5;7
.spl                  38;5;7
.scm                  38;5;7
.Rproj                38;5;11
.sis                  38;5;7
.1p                   38;5;7
.3p                   38;5;7
.cnc                  38;5;7
.def                  38;5;7
.ex                   38;5;7
.example              38;5;7
.feature              38;5;7
.ger                  38;5;7
.map                  38;5;7
.mf                   38;5;7
.mfasl                38;5;7
.mi                   38;5;7
.mtx                  38;5;7
.pc                   38;5;7
.pi                   38;5;7
.plt                  38;5;7
.pm                   38;5;7
.rb                   38;5;7
.rdf                  38;5;7
.rst                  38;5;7
.ru                   38;5;7
.sch                  38;5;7
.sty                  38;5;7
.sug                  38;5;7
.t                    38;5;7
.tdy                  38;5;7
.tfm                  38;5;7
.tfnt                 38;5;7
.tg                   38;5;7
.vcard                38;5;7
.vcf                  38;5;7
.xln                  38;5;7
TERM ansi
TERM color-xterm
TERM con132x25
TERM con132x30
TERM con132x43
TERM con132x60
TERM con80x25
TERM con80x28
TERM con80x30
TERM con80x43
TERM con80x50
TERM con80x60
TERM cons25
TERM console
TERM cygwin
TERM dtterm
TERM Eterm
TERM eterm-color
TERM gnome
TERM gnome-256color
TERM jfbterm
TERM konsole
TERM kterm
TERM linux
TERM linux-c
TERM mach-color
TERM mlterm
TERM putty
TERM rxvt
TERM rxvt-256color
TERM rxvt-cygwin
TERM rxvt-cygwin-native
TERM rxvt-unicode
TERM rxvt-unicode-256color
TERM rxvt-unicode256
TERM screen
TERM screen-256color
TERM screen-256color-bce
TERM screen-bce
TERM screen-w
TERM screen.linux
TERM screen.rxvt
TERM terminator
TERM vt100
TERM xterm
TERM xterm-16color
TERM xterm-256color
TERM xterm-88color
TERM xterm-color
TERM xterm-debian
